UNKNOWN
version=1
nRows=240
nColumns=8
inDegrees=no
endheader
time	time	hip_flexion_r	knee_angle_r	ankle_angle_r	hip_flexion_l	knee_angle_l	ankle_angle_l
      0.00000000	      7.62000000	      5.58398584	    -12.83524958	      6.51463927	     30.71136591	    -63.17605966	     -5.39007360
      1.00000000	      7.63000000	      4.07454379	    -12.17896267	      6.87798852	     31.04668221	    -60.62835391	     -3.91027932
      2.00000000	      7.64000000	      2.72751233	    -11.64718074	      7.28675321	     31.38922214	    -57.80531808	     -2.89223220
      3.00000000	      7.65000000	      1.29922167	    -11.07805095	      7.70117032	     31.53249247	    -54.71906648	     -2.07190910
      4.00000000	      7.66000000	     -0.03486862	    -10.47282947	      8.06857473	     31.67800923	    -51.37591528	     -1.49241791
      5.00000000	      7.67000000	     -1.52487241	     -9.89426479	      8.40601945	     31.49993615	    -47.72896198	     -0.88249224
      6.00000000	      7.68000000	     -3.11320620	     -9.17158306	      8.69526501	     31.31589675	    -44.05932112	     -0.36631655
      7.00000000	      7.69000000	     -4.64805005	     -8.45481375	      9.00085445	     31.05392554	    -40.20241764	      0.34744875
      8.00000000	      7.70000000	     -6.68574779	     -7.47447821	      9.18023894	     30.34121431	    -36.13473454	      1.33932766
      9.00000000	      7.71000000	     -7.91666624	     -7.03825564	      9.58484754	     29.99918390	    -32.03209217	      2.10237116
     10.00000000	      7.72000000	     -9.39650965	     -6.51782461	     10.00177327	     29.39165227	    -27.75110873	      2.69224374
     11.00000000	      7.73000000	    -10.68169091	     -6.20601707	     10.46665173	     28.81535273	    -23.55702979	      3.11766704
     12.00000000	      7.74000000	    -12.07705765	     -5.91004895	     10.87532280	     28.08655935	    -19.45971475	      3.29878215
     13.00000000	      7.75000000	    -13.31013760	     -5.75761829	     11.34320295	     27.42143014	    -15.58403880	      3.27772257
     14.00000000	      7.76000000	    -14.18923965	     -5.99236659	     11.83899761	     26.81368612	    -12.00623913	      3.03775486
     15.00000000	      7.77000000	    -14.97057790	     -6.36617242	     12.33831954	     26.20252306	     -8.78845983	      2.72489512
     16.00000000	      7.78000000	    -15.68259738	     -6.86097117	     12.78434644	     25.66092420	     -6.16507722	      2.45124526
     17.00000000	      7.79000000	    -16.12454101	     -7.78308763	     13.27337070	     25.28476934	     -4.37805573	      2.34956717
     18.00000000	      7.80000000	    -16.79788920	     -8.47881952	     13.69815596	     25.04467294	     -3.46464486	      2.62176510
     19.00000000	      7.81000000	    -16.95689284	     -9.90275573	     14.19371853	     25.02799745	     -3.49765471	      3.01050718
     20.00000000	      7.82000000	    -16.98256467	    -11.53597982	     14.59937065	     25.13108433	     -4.26507273	      3.40924975
     21.00000000	      7.83000000	    -16.75868217	    -13.46146099	     14.86507627	     25.34989708	     -5.60743217	      3.20158549
     22.00000000	      7.84000000	    -16.33847559	    -15.69110287	     14.92552386	     25.59349059	     -7.31092931	      2.47231467
     23.00000000	      7.85000000	    -15.89671224	    -18.10452635	     14.89192964	     25.78644430	     -9.20446071	      1.87218673
     24.00000000	      7.86000000	    -15.52082355	    -20.56434464	     14.56947495	     25.86353975	    -10.75848304	      0.54594010
     25.00000000	      7.87000000	    -14.77827143	    -23.33320692	     13.96461235	     25.89050380	    -11.84628747	     -1.56021713
     26.00000000	      7.88000000	    -13.86054909	    -26.47825981	     12.85938254	     25.58249542	    -12.74197904	     -3.80495384
     27.00000000	      7.89000000	    -12.93346924	    -29.49685953	     11.28498994	     25.28065686	    -13.61991085	     -5.46251673
     28.00000000	      7.90000000	    -11.79625091	    -32.68216393	      9.07649006	     25.14909738	    -15.03291668	     -5.53166595
     29.00000000	      7.91000000	    -10.52928444	    -36.06273534	      6.18329519	     25.09492100	    -16.94712046	     -4.90231192
     30.00000000	      7.92000000	     -8.98598911	    -39.61363122	      2.65312190	     25.20884489	    -19.07012480	     -4.02610881
     31.00000000	      7.93000000	     -7.29970230	    -43.31954624	     -1.36505367	     25.12068404	    -20.94982106	     -2.93622164
     32.00000000	      7.94000000	     -5.44519052	    -46.75304014	     -5.82135662	     25.14848307	    -22.72403975	     -1.68658919
     33.00000000	      7.95000000	     -3.61770048	    -50.00922813	    -10.60940879	     24.88353428	    -24.17423440	     -0.39422861
     34.00000000	      7.96000000	     -1.90767852	    -52.93519037	    -15.47676879	     24.23025864	    -25.12865712	      0.83541300
     35.00000000	      7.97000000	     -0.04474278	    -55.63785013	    -19.34160123	     23.56905895	    -25.69431976	      2.01855147
     36.00000000	      7.98000000	      1.76961794	    -58.17398513	    -20.84165842	     22.77868976	    -25.78469235	      2.96550886
     37.00000000	      7.99000000	      3.73171527	    -60.54134644	    -20.45506267	     21.94131164	    -25.61203886	      3.72689402
     38.00000000	      8.00000000	      5.13689975	    -62.37082447	    -18.89124410	     20.55135481	    -25.09226941	      4.25380328
     39.00000000	      8.01000000	      6.90760889	    -63.98606334	    -16.90657175	     19.39867383	    -24.48086426	      4.59638963
     40.00000000	      8.02000000	      8.28246111	    -65.07811411	    -14.79760604	     18.08157779	    -23.83042601	      4.90451351
     41.00000000	      8.03000000	     10.37569604	    -66.24904213	    -13.13920281	     17.06310188	    -23.17812608	      5.11311294
     42.00000000	      8.04000000	     12.22719636	    -67.00718408	    -11.91481364	     15.98721190	    -22.55719291	      5.37111551
     43.00000000	      8.05000000	     13.82603793	    -67.39665800	    -10.89261563	     14.75086653	    -21.89043516	      5.71287742
     44.00000000	      8.06000000	     15.31765198	    -67.47673415	    -10.02761689	     13.46201230	    -21.18185315	      6.05574688
     45.00000000	      8.07000000	     16.73187318	    -67.25887989	     -9.24909798	     12.18464516	    -20.50175148	      6.42833245
     46.00000000	      8.08000000	     18.19177802	    -66.81296132	     -8.38975021	     10.96579387	    -19.80815827	      6.74999952
     47.00000000	      8.09000000	     19.43342216	    -65.98658278	     -7.30328365	      9.77793564	    -19.17103836	      7.09289537
     48.00000000	      8.10000000	     20.83659587	    -64.98670491	     -6.07866525	      8.78030009	    -18.58498583	      7.44424283
     49.00000000	      8.11000000	     21.97554376	    -63.63659536	     -4.82846495	      7.72639307	    -18.01846910	      7.77612072
     50.00000000	      8.12000000	     22.96665545	    -62.02752345	     -3.57294988	      6.41944003	    -17.21504889	      8.03103619
     51.00000000	      8.13000000	     23.85326565	    -60.02750693	     -2.49209196	      5.52272746	    -16.76813032	      8.37211044
     52.00000000	      8.14000000	     24.69827585	    -57.81275917	     -1.67888139	      4.49177781	    -16.17944648	      8.71052130
     53.00000000	      8.15000000	     25.34618954	    -55.29778550	     -1.12316097	      3.38963739	    -15.56875895	      8.97908308
     54.00000000	      8.16000000	     25.95837855	    -52.60212375	     -0.89875359	      2.26194984	    -14.89585724	      9.28853781
     55.00000000	      8.17000000	     26.47092976	    -49.71726859	     -0.77995842	      1.16122028	    -14.25571612	      9.66017705
     56.00000000	      8.18000000	     26.81360957	    -46.68070540	     -0.57504440	     -0.11625012	    -13.46160063	      9.90075449
     57.00000000	      8.19000000	     26.99350240	    -43.41013818	     -0.37315492	     -1.44152066	    -12.77327789	     10.26696251
     58.00000000	      8.20000000	     27.16765807	    -39.96384487	     -0.00313623	     -2.71141809	    -12.03985132	     10.53028825
     59.00000000	      8.21000000	     27.27574317	    -36.35009230	      0.56377749	     -3.84531894	    -11.42743992	     10.88655475
     60.00000000	      8.22000000	     27.34161618	    -32.55489893	      1.24976366	     -4.99798750	    -10.77843408	     11.30151885
     61.00000000	      8.23000000	     27.31305993	    -28.58283046	      1.98218281	     -6.18582717	    -10.03688750	     11.63330898
     62.00000000	      8.24000000	     27.23635033	    -24.49562925	      2.73911663	     -7.24281139	     -9.47464325	     12.09059945
     63.00000000	      8.25000000	     27.10475170	    -20.45503929	      3.54283071	     -8.26888996	     -8.99982076	     12.57630930
     64.00000000	      8.26000000	     26.96633854	    -16.54957899	      4.24482805	     -9.24381841	     -8.60500188	     13.09984158
     65.00000000	      8.27000000	     26.82229192	    -12.93304929	      4.88966594	    -10.20916762	     -8.26503803	     13.58728187
     66.00000000	      8.28000000	     26.69924066	     -9.63670505	      5.16986013	    -11.02985063	     -8.12183294	     14.09419686
     67.00000000	      8.29000000	     26.56199174	     -6.84822743	      5.19344735	    -11.76809366	     -8.16933315	     14.54419188
     68.00000000	      8.30000000	     26.44449492	     -4.77615210	      5.17951548	    -12.48891675	     -8.43378037	     15.00188457
     69.00000000	      8.31000000	     26.37495916	     -3.45274838	      5.40045787	    -13.16896187	     -8.89661420	     15.40450350
     70.00000000	      8.32000000	     26.39837531	     -2.87946810	      5.83326306	    -13.62719521	     -9.74898224	     15.82172576
     71.00000000	      8.33000000	     26.47609107	     -3.09630945	      6.54851676	    -14.02508220	    -10.77319421	     16.20443415
     72.00000000	      8.34000000	     26.72379754	     -4.12012499	      7.03385318	    -14.16313267	    -12.12833748	     16.59572543
     73.00000000	      8.35000000	     27.01816741	     -5.73458646	      6.55406948	    -14.12877657	    -13.71221888	     16.90199896
     74.00000000	      8.36000000	     27.24161280	     -7.73514073	      5.97247225	    -14.11639974	    -15.47860251	     17.03186169
     75.00000000	      8.37000000	     27.41527930	     -9.59433588	      5.07958172	    -14.03684565	    -17.40446531	     17.02912485
     76.00000000	      8.38000000	     27.51369195	    -10.99246200	      3.44024251	    -13.82896394	    -19.52839599	     16.76672124
     77.00000000	      8.39000000	     27.49167265	    -12.21879435	      1.45751567	    -13.46014737	    -21.88122884	     16.22200554
     78.00000000	      8.40000000	     27.36847833	    -13.42091924	     -0.61126861	    -12.89819121	    -24.44829116	     15.19682106
     79.00000000	      8.41000000	     27.10141304	    -14.56113032	     -1.98970380	    -12.11413919	    -27.33833581	     13.73969454
     80.00000000	      8.42000000	     26.75852139	    -15.63438252	     -2.60207794	    -11.06399464	    -30.52526457	     11.72773686
     81.00000000	      8.43000000	     26.50105641	    -16.84401566	     -2.54814957	     -9.60053348	    -34.10022601	      9.10859384
     82.00000000	      8.44000000	     26.27460520	    -18.02534806	     -2.29292233	     -7.82661889	    -37.86863816	      5.84975302
     83.00000000	      8.45000000	     26.15236023	    -19.12787757	     -2.08329085	     -5.70131447	    -41.76144213	      1.94277316
     84.00000000	      8.46000000	     26.00622601	    -20.09905980	     -1.60342103	     -3.32303428	    -45.70432528	     -2.37452045
     85.00000000	      8.47000000	     25.65522045	    -20.88413627	     -0.90392567	     -0.94077437	    -49.46451218	     -7.18965846
     86.00000000	      8.48000000	     25.15219572	    -21.33225707	     -0.10540056	      1.49685710	    -52.90865137	    -12.30621248
     87.00000000	      8.49000000	     24.44306299	    -21.40114473	      0.51617623	      3.83960289	    -55.83698986	    -17.84931030
     88.00000000	      8.50000000	     23.60968149	    -21.18687851	      1.05380355	      6.16841403	    -58.47267622	    -22.60717072
     89.00000000	      8.51000000	     22.62076129	    -20.68384670	      1.42310320	      8.44360792	    -61.14952674	    -24.17056941
     90.00000000	      8.52000000	     21.55504317	    -20.03591496	      1.62460802	     10.60470770	    -63.57356089	    -23.96004537
     91.00000000	      8.53000000	     20.45614708	    -19.39730332	      1.83243869	     12.68499567	    -65.78051763	    -22.08765136
     92.00000000	      8.54000000	     19.25888666	    -18.76358304	      2.10817038	     14.54512881	    -67.58175286	    -19.50941522
     93.00000000	      8.55000000	     18.12585243	    -18.29393439	      2.50745563	     16.34401150	    -68.94938915	    -16.83187329
     94.00000000	      8.56000000	     17.01597605	    -17.86382187	      2.94892287	     18.13667985	    -70.03025385	    -14.38550294
     95.00000000	      8.57000000	     15.88993736	    -17.37151599	      3.28551306	     19.88999232	    -70.78788640	    -12.39791995
     96.00000000	      8.58000000	     14.69498161	    -16.86118795	      3.61941621	     21.50810077	    -71.16539338	    -11.05149447
     97.00000000	      8.59000000	     13.43665864	    -16.28482260	      3.87603195	     22.99753040	    -71.20607591	    -10.19570933
     98.00000000	      8.60000000	     12.20256246	    -15.71507075	      4.20329003	     24.42668492	    -70.94541673	     -9.62738206
     99.00000000	      8.61000000	     10.84493069	    -15.10729597	      4.53008040	     25.60671673	    -70.31135394	     -9.06776780
    100.00000000	      8.62000000	      9.52178814	    -14.38930948	      4.87021463	     26.73280274	    -69.35287785	     -8.27475224
    101.00000000	      8.63000000	      8.22804536	    -13.73533542	      5.21923188	     27.79957819	    -68.13972888	     -7.09213846
    102.00000000	      8.64000000	      6.99044237	    -13.17949822	      5.67889688	     28.70565431	    -66.58940238	     -5.85817066
    103.00000000	      8.65000000	      5.68289619	    -12.59194060	      6.11011800	     29.42691124	    -64.70062116	     -4.54845683
    104.00000000	      8.66000000	      4.42827267	    -12.07538471	      6.55924585	     30.02791239	    -62.48607163	     -3.37347151
    105.00000000	      8.67000000	      2.86210215	    -11.33374321	      6.86630313	     30.33566278	    -59.97755119	     -2.19282890
    106.00000000	      8.68000000	      1.53728098	    -10.78374837	      7.27485103	     30.64293579	    -57.16937152	     -1.32193366
    107.00000000	      8.69000000	      0.01203108	    -10.11933871	      7.52672717	     30.70522829	    -54.09421631	     -0.59358285
    108.00000000	      8.70000000	     -1.04258440	     -9.64660730	      7.91392329	     30.98669944	    -50.78964273	     -0.15546095
    109.00000000	      8.71000000	     -2.46734177	     -8.97999171	      8.24967810	     30.93709837	    -47.25166284	      0.31138941
    110.00000000	      8.72000000	     -3.95570079	     -8.24460378	      8.52359858	     30.73307090	    -43.47877812	      0.70006073
    111.00000000	      8.73000000	     -5.53427389	     -7.51297409	      8.82791492	     30.37664270	    -39.53325822	      1.18613065
    112.00000000	      8.74000000	     -6.96747738	     -6.81910322	      9.15556427	     30.06595385	    -35.45724909	      1.81213273
    113.00000000	      8.75000000	     -8.48410355	     -6.22106217	      9.52985432	     29.52890709	    -31.26540701	      2.39038090
    114.00000000	      8.76000000	    -10.17900914	     -5.53161060	      9.91668649	     28.71359201	    -26.84309752	      2.89800089
    115.00000000	      8.77000000	    -11.34858194	     -5.36215577	     10.37977266	     28.02179426	    -22.54836277	      3.13376179
    116.00000000	      8.78000000	    -12.71007438	     -5.00763789	     10.72411781	     27.34997814	    -18.40506529	      3.43546399
    117.00000000	      8.79000000	    -13.74805308	     -4.96395010	     11.09660621	     26.74212055	    -14.50065661	      3.72158335
    118.00000000	      8.80000000	    -14.68919002	     -5.09589455	     11.48058683	     26.12381973	    -10.87941190	      3.85031559
    119.00000000	      8.81000000	    -15.41666490	     -5.42837678	     11.93991900	     25.62163827	     -7.64654036	      3.82776927
    120.00000000	      8.82000000	    -15.97758300	     -6.10938075	     12.41753934	     25.16269862	     -5.11452013	      3.62617046
    121.00000000	      8.83000000	    -16.43742226	     -6.99960719	     12.90312338	     24.90034837	     -3.51393257	      3.61199149
    122.00000000	      8.84000000	    -16.67792605	     -8.19043406	     13.36254531	     24.94029577	     -3.01678171	      3.72553437
    123.00000000	      8.85000000	    -16.79872866	     -9.55423178	     13.71721788	     25.19378846	     -3.51424134	      3.92053096
    124.00000000	      8.86000000	    -16.83415583	    -11.17900476	     14.07347359	     25.46351964	     -4.75778020	      4.14701827
    125.00000000	      8.87000000	    -16.62448219	    -13.02111994	     14.25243353	     25.76831262	     -6.38478632	      3.61680954
    126.00000000	      8.88000000	    -16.38274912	    -14.98012712	     14.29051464	     26.04908180	     -8.21694799	      3.08800058
    127.00000000	      8.89000000	    -16.15397628	    -17.07684801	     14.11767931	     26.26309976	    -10.13930569	      2.74739638
    128.00000000	      8.90000000	    -15.73992720	    -19.39364982	     13.75824527	     26.43978325	    -11.71180790	      1.71732970
    129.00000000	      8.91000000	    -15.18456828	    -21.89374085	     12.98258728	     26.43325269	    -12.84026122	     -0.05412274
    130.00000000	      8.92000000	    -14.35978838	    -24.64483825	     11.88126856	     26.30973615	    -13.75226742	     -1.98931456
    131.00000000	      8.93000000	    -13.38064899	    -27.60827142	     10.25949368	     26.09263702	    -14.72433399	     -3.55272459
    132.00000000	      8.94000000	    -12.22434748	    -30.77932638	      8.05652866	     25.93999037	    -16.04755653	     -3.89680262
    133.00000000	      8.95000000	    -10.92189611	    -34.10683376	      5.21806674	     25.84747379	    -17.75741913	     -3.32581402
    134.00000000	      8.96000000	     -9.46128300	    -37.56909727	      1.83391112	     25.77954062	    -19.51836361	     -2.79809614
    135.00000000	      8.97000000	     -7.70799722	    -41.21489418	     -1.91584384	     25.74760644	    -21.20152313	     -2.04738444
    136.00000000	      8.98000000	     -5.83142383	    -44.73677910	     -6.05959451	     25.62977733	    -22.69975944	     -1.02678292
    137.00000000	      8.99000000	     -3.89043576	    -48.01385237	    -10.46730952	     25.38843758	    -23.93500990	      0.23778694
    138.00000000	      9.00000000	     -2.06249690	    -50.96196590	    -15.27276563	     24.82332110	    -24.79140742	      1.33852342
    139.00000000	      9.01000000	     -0.04611230	    -53.70008022	    -19.80520085	     24.23666637	    -25.27405086	      2.27535702
    140.00000000	      9.02000000	      1.86970657	    -56.23018777	    -22.31388843	     23.48064232	    -25.34922654	      2.99607238
    141.00000000	      9.03000000	      3.79614366	    -58.62443091	    -22.63633370	     22.67876987	    -25.23412161	      3.63825112
    142.00000000	      9.04000000	      5.62003458	    -60.73908175	    -21.45068583	     21.68418038	    -24.82288271	      4.19359589
    143.00000000	      9.05000000	      7.37237016	    -62.46582746	    -19.27934149	     20.62609962	    -24.29689641	      4.62021596
    144.00000000	      9.06000000	      9.18312408	    -63.87943733	    -16.87974909	     19.62553342	    -23.75600252	      5.00228377
    145.00000000	      9.07000000	     10.94310222	    -65.00797339	    -14.67190073	     18.51078627	    -23.13123396	      5.35823938
    146.00000000	      9.08000000	     12.59333935	    -65.75060993	    -12.94629740	     17.39564764	    -22.48455743	      5.60503805
    147.00000000	      9.09000000	     14.12228495	    -66.20651241	    -11.69746615	     16.09505706	    -21.70037631	      5.78767428
    148.00000000	      9.10000000	     15.57123761	    -66.34840253	    -10.81563517	     14.77993038	    -20.89416754	      5.95637626
    149.00000000	      9.11000000	     16.80980136	    -66.14802951	    -10.15759320	     13.39823220	    -20.07705504	      6.14318930
    150.00000000	      9.12000000	     18.16720852	    -65.70484982	     -9.61352198	     12.17412732	    -19.29484052	      6.31343373
    151.00000000	      9.13000000	     19.28574675	    -64.88857161	     -8.96685482	     10.88323536	    -18.53337200	      6.52669325
    152.00000000	      9.14000000	     20.43183028	    -63.85970296	     -8.15094585	      9.72187305	    -17.82883228	      6.71762066
    153.00000000	      9.15000000	     21.35778379	    -62.51197763	     -7.01245880	      8.49458132	    -17.18383296	      6.90056719
    154.00000000	      9.16000000	     22.29731595	    -60.89548600	     -5.78745594	      7.43768725	    -16.60675105	      7.11741835
    155.00000000	      9.17000000	     23.15845260	    -59.02201620	     -4.49761908	      6.41537637	    -16.09742082	      7.33138262
    156.00000000	      9.18000000	     23.95390764	    -56.89258000	     -3.40310204	      5.44629800	    -15.66222638	      7.48654863
    157.00000000	      9.19000000	     24.59844623	    -54.55144103	     -2.53058567	      4.34730391	    -15.21157871	      7.81622160
    158.00000000	      9.20000000	     25.31583849	    -52.00184344	     -1.97904534	      3.63161572	    -15.01251853	      8.13899648
    159.00000000	      9.21000000	     25.78189776	    -49.29155596	     -1.58160373	      2.54841438	    -14.65620749	      8.45716283
    160.00000000	      9.22000000	     26.07522837	    -46.33027279	     -1.40060874	      1.45773716	    -14.33745115	      8.82841709
    161.00000000	      9.23000000	     26.38771789	    -43.28082231	     -1.21074150	      0.37561670	    -13.98393197	      9.14377966
    162.00000000	      9.24000000	     26.62044240	    -40.08847889	     -1.04629538	     -0.69824368	    -13.70582295	      9.53628844
    163.00000000	      9.25000000	     26.72612518	    -36.67555754	     -0.73257274	     -1.80350054	    -13.36533689	      9.95624177
    164.00000000	      9.26000000	     26.67894967	    -33.08705125	     -0.27953796	     -3.00749643	    -12.97154531	     10.33606788
    165.00000000	      9.27000000	     26.49934246	    -29.31800609	      0.24445895	     -4.23921617	    -12.59524447	     10.79377376
    166.00000000	      9.28000000	     26.32712291	    -25.45688909	      0.85273967	     -5.49520403	    -12.09384672	     11.19095659
    167.00000000	      9.29000000	     26.20532516	    -21.55439807	      1.42923605	     -6.51934262	    -11.75671955	     11.64481725
    168.00000000	      9.30000000	     26.00639338	    -17.64177047	      2.00914478	     -7.49157132	    -11.54473107	     12.15341233
    169.00000000	      9.31000000	     25.78148281	    -13.86858930	      2.63621622	     -8.58888968	    -11.20310943	     12.56052328
    170.00000000	      9.32000000	     25.59527774	    -10.31454580	      3.18181663	     -9.50968344	    -11.05477531	     13.04700305
    171.00000000	      9.33000000	     25.44926463	     -7.16039662	      3.61510767	    -10.31722090	    -11.02124831	     13.46373666
    172.00000000	      9.34000000	     25.30617319	     -4.49125543	      3.88172492	    -11.06347695	    -11.16621461	     13.89706608
    173.00000000	      9.35000000	     25.28406280	     -2.58720110	      4.22211830	    -11.77662278	    -11.41823986	     14.22841978
    174.00000000	      9.36000000	     25.37557342	     -1.48213824	      4.80456837	    -12.35075378	    -11.91363879	     14.54466902
    175.00000000	      9.37000000	     25.62080522	     -1.28832250	      5.64169644	    -12.81174405	    -12.67198124	     14.85608950
    176.00000000	      9.38000000	     25.96227832	     -2.04926983	      6.59196876	    -13.24088593	    -13.64223014	     15.09851661
    177.00000000	      9.39000000	     26.27237150	     -3.49962818	      7.28442741	    -13.63225800	    -14.83666235	     15.29094409
    178.00000000	      9.40000000	     26.66877584	     -5.51140806	      6.93374037	    -13.81609254	    -16.27373957	     15.33683207
    179.00000000	      9.41000000	     26.95847853	     -7.71169514	      6.39985219	    -13.96743150	    -17.90679104	     15.27937237
    180.00000000	      9.42000000	     27.20296365	     -9.95004392	      6.12846687	    -14.07063104	    -19.66253705	     14.98091987
    181.00000000	      9.43000000	     27.36667761	    -11.73736258	      5.21710044	    -13.98362169	    -21.67104184	     14.44839424
    182.00000000	      9.44000000	     27.38420278	    -13.23406723	      3.72316085	    -13.68374112	    -23.96141904	     13.60448561
    183.00000000	      9.45000000	     27.22757150	    -14.49546866	      1.80581609	    -13.14548764	    -26.50343061	     12.34270692
    184.00000000	      9.46000000	     26.91185550	    -15.56378849	      0.40689285	    -12.28244471	    -29.45024246	     10.59321619
    185.00000000	      9.47000000	     26.57807641	    -16.68934060	     -0.31837477	    -11.15542737	    -32.68500553	      8.26338011
    186.00000000	      9.48000000	     26.31444796	    -17.86797143	     -0.32556038	     -9.63239435	    -36.26913575	      5.43377839
    187.00000000	      9.49000000	     26.10255148	    -19.09834664	      0.07304316	     -7.78418121	    -40.10066862	      2.00877826
    188.00000000	      9.50000000	     26.04044917	    -20.33889886	      0.57547577	     -5.61523795	    -44.00091895	     -1.95618207
    189.00000000	      9.51000000	     25.88644737	    -21.34741033	      0.93991201	     -3.26756191	    -47.87935699	     -6.39847548
    190.00000000	      9.52000000	     25.57456047	    -22.15949800	      1.48296504	     -0.94804833	    -51.41675147	    -11.26113794
    191.00000000	      9.53000000	     25.12377966	    -22.74275390	      2.17296698	      1.34727057	    -54.50668536	    -16.53472117
    192.00000000	      9.54000000	     24.52606978	    -22.95920684	      2.69280033	      3.68106420	    -57.22695920	    -21.91296861
    193.00000000	      9.55000000	     23.76312022	    -22.75321337	      2.97070617	      5.95956930	    -59.74077741	    -25.69670360
    194.00000000	      9.56000000	     22.96712125	    -22.29903197	      3.14131161	      8.35679882	    -62.21173429	    -27.20864196
    195.00000000	      9.57000000	     21.95970196	    -21.59065114	      3.13877527	     10.61216143	    -64.48530252	    -27.05487882
    196.00000000	      9.58000000	     21.01871718	    -20.86062762	      3.20908666	     12.94575779	    -66.52157881	    -25.53106277
    197.00000000	      9.59000000	     19.93583006	    -19.94665102	      3.19745027	     15.23170906	    -68.25276395	    -23.45362984
    198.00000000	      9.60000000	     18.46450257	    -19.07519602	      3.36748321	     16.97181842	    -69.47580131	    -21.25976399
    199.00000000	      9.61000000	     17.04199432	    -18.20754913	      3.55106820	     18.69399285	    -70.29553176	    -19.37011406
    200.00000000	      9.62000000	     15.70484749	    -17.43880282	      3.76372023	     20.37490099	    -70.84322830	    -17.68772345
    201.00000000	      9.63000000	     14.39711936	    -16.63885367	      3.95483571	     21.98414928	    -71.04831661	    -16.28220396
    202.00000000	      9.64000000	     12.87060396	    -15.74449607	      4.11109548	     23.37653816	    -70.94036688	    -15.11729803
    203.00000000	      9.65000000	     11.31844941	    -14.82640008	      4.27396327	     24.59306511	    -70.45576197	    -14.19080437
    204.00000000	      9.66000000	      9.82274718	    -13.91343453	      4.41306111	     25.70497419	    -69.64818940	    -13.29086956
    205.00000000	      9.67000000	      8.47480072	    -13.27047208	      4.75136393	     26.69549031	    -68.49774006	    -12.29951379
    206.00000000	      9.68000000	      7.06736694	    -12.56351653	      4.99227567	     27.49515920	    -67.05652805	    -10.95760719
    207.00000000	      9.69000000	      5.71272738	    -11.91410027	      5.27861954	     28.19341169	    -65.35222606	     -9.42834393
    208.00000000	      9.70000000	      4.32455608	    -11.34779202	      5.67401606	     28.65436924	    -63.31099576	     -7.74333616
    209.00000000	      9.71000000	      2.97885528	    -10.80564488	      6.06245738	     29.05742597	    -61.01366015	     -6.28846305
    210.00000000	      9.72000000	      1.77061729	    -10.30888433	      6.38306407	     29.47420076	    -58.42351315	     -5.01978309
    211.00000000	      9.73000000	      0.47534018	     -9.77492146	      6.65386338	     29.68846544	    -55.57385807	     -3.87741359
    212.00000000	      9.74000000	     -0.88147953	     -9.23775495	      6.85743130	     29.77182284	    -52.49568967	     -3.01921515
    213.00000000	      9.75000000	     -2.27283756	     -8.62969207	      7.08148545	     29.78731013	    -49.26206865	     -2.16760955
    214.00000000	      9.76000000	     -3.48405032	     -8.18307874	      7.37987114	     29.74192899	    -45.82096125	     -1.55664329
    215.00000000	      9.77000000	     -4.74788315	     -7.71476221	      7.68699587	     29.61322938	    -42.21465212	     -0.90035848
    216.00000000	      9.78000000	     -6.20300496	     -7.06504603	      7.85038775	     29.28836461	    -38.46391372	     -0.13594839
    217.00000000	      9.79000000	     -7.64580014	     -6.48076461	      8.03002653	     28.85091550	    -34.56845766	      0.76934746
    218.00000000	      9.80000000	     -9.01928196	     -6.01455736	      8.27177362	     28.33614059	    -30.56502933	      1.76874468
    219.00000000	      9.81000000	    -10.43136073	     -5.51531832	      8.45127904	     27.72398631	    -26.51023191	      2.62794176
    220.00000000	      9.82000000	    -11.67141027	     -5.29772051	      8.77292756	     27.06798902	    -22.44390291	      3.20799757
    221.00000000	      9.83000000	    -12.87807687	     -5.05824654	      8.98005240	     26.46328455	    -18.55791693	      3.57045303
    222.00000000	      9.84000000	    -13.87913315	     -5.03343182	      9.22020744	     25.92280517	    -14.90970893	      3.79200484
    223.00000000	      9.85000000	    -14.67936184	     -5.26816379	      9.53261460	     25.34914077	    -11.44506384	      3.87730563
    224.00000000	      9.86000000	    -15.29867134	     -5.75258782	      9.86836016	     24.82545447	     -8.40014911	      3.83685982
    225.00000000	      9.87000000	    -15.77731496	     -6.53154949	     10.25105911	     24.35893305	     -5.98818386	      3.78071900
    226.00000000	      9.88000000	    -16.17979108	     -7.55289941	     10.68804396	     24.00825845	     -4.45785217	      3.88124161
    227.00000000	      9.89000000	    -16.37750136	     -8.86548806	     11.17311866	     23.91035425	     -3.88512009	      4.14058020
    228.00000000	      9.90000000	    -16.43649539	    -10.41950406	     11.57576479	     24.01511866	     -4.26617532	      4.39843188
    229.00000000	      9.91000000	    -16.47410212	    -12.14135067	     11.90003150	     24.12867870	     -5.35194483	      4.59649696
    230.00000000	      9.92000000	    -16.42106549	    -14.04309363	     12.07531015	     24.24507917	     -7.09865323	      4.87046882
    231.00000000	      9.93000000	    -16.13079912	    -16.18483193	     12.13017969	     24.43480037	     -9.14097915	      4.76432228
    232.00000000	      9.94000000	    -15.87322366	    -18.46387708	     11.94206526	     24.45194015	    -11.05142220	      4.64363624
    233.00000000	      9.95000000	    -15.47039781	    -20.93681012	     11.49868501	     24.45663122	    -12.77204605	      4.47313086
    234.00000000	      9.96000000	    -14.87251368	    -23.63663647	     10.78036400	     24.24300286	    -13.77408256	      2.84412748
    235.00000000	      9.97000000	    -14.02889528	    -26.56743595	      9.60319734	     23.74680494	    -13.94960069	      0.21023676
    236.00000000	      9.98000000	    -13.01742578	    -29.69268424	      7.89548735	     23.04065451	    -13.90226610	     -2.28789593
    237.00000000	      9.99000000	    -11.80527843	    -33.03693135	      5.48011965	     22.42744353	    -14.29917410	     -3.56999673
    238.00000000	     10.00000000	    -10.31844448	    -36.66528779	      2.60749747	     22.15740983	    -15.56404368	     -3.77550980
    239.00000000	     10.01000000	     -8.61814226	    -40.45617118	     -0.78063368	     22.14706439	    -17.33620818	     -3.46271468
